100 100
0011110000001111000000111100000011110000001111000000111100000011110000001111000000111100000011110000
0100000000001111000000111100000011110000001111000000111100000011110000001111000000111100000011110000
0011110000001111000000111100000011110000001111000000111100000011110000001111000000111100000011110000
1100010000001111000000111100000011110000001111000000111100000011110000001111000000111100000011110000
0110100000001111000000111100000011110000001111000000111100000011110000001111000000111100000011110000
0011110000001111000000111100000011110000001111000000111100000011110000001111000000111100000011110000
0100000000001111000000111100000011110000001111000000111100000011110000001111000000111100000011110000
0011110000001111000000111100000011110000001111000000111100000011110000001111000000111100000011110000
1100010000001111000000111100000011110000001111000000111100000011110000001111000000111100000011110000
0110100000001111000000111100000011110000001111000000111100000011110000001111000000111100000011110000
0011110000001111000000111100000011110000001111000000111100000011110000001111000000111100000011110000
0100000000001111000000111100000011110000001111000000111100000011110000001111000000111100000011110000
0011110000001111000000111100000011110000001111000000111100000011110000001111000000111100000011110000
1100010000001111000000111100000011110000001111000000111100000011110000001111000000111100000011110000
0110100000001111000000111100000011110000001111000000111100000011110000001111000000111100000011110000
0011110000001111000000111100000011110000001111000000111100000011110000001111000000111100000011110000
0100000000001111000000111100000011110000001111000000111100000011110000001111000000111100000011110000
0011110000001111000000111100000011110000001111000000111100000011110000001111000000111100000011110000
1100010000001111000000111100000011110000001111000000111100000011110000001111000000111100000011110000
0110100000001111000000111100000011110000001111000000111100000011110000001111000000111100000011110000
0011110000001111000000111100000011110000001111000000111100000011110000001111000000111100000011110000
0100000000001111000000111100000011110000001111000000111100000011110000001111000000111100000011110000
0011110000001111000000111100000011110000001111000000111100000011110000001111000000111100000011110000
1100010000001111000000111100000011110000001111000000111100000011110000001111000000111100000011110000
0110100000001111000000111100000011110000001111000000111100000011110000001111000000111100000011110000
0011110000001111000000111100000011110000001111000000111100000011110000001111000000111100000011110000
0100000000001111000000111100000011110000001111000000111100000011110000001111000000111100000011110000
0011110000001111000000111100000011110000001111000000111100000011110000001111000000111100000011110000
1100010000001111000000111100000011110000001111000000111100000011110000001111000000111100000011110000
0110100000001111000000111100000011110000001111000000111100000011110000001111000000111100000011110000
0011110000001111000000111100000011110000001111000000111100000011110000001111000000111100000011110000
0100000000001111000000111100000011110000001111000000111100000011110000001111000000111100000011110000
0011110000001111000000111100000011110000001111000000111100000011110000001111000000111100000011110000
1100010000001111000000111100000011110000001111000000111100000011110000001111000000111100000011110000
0110100000001111000000111100000011110000001111000000111100000011110000001111000000111100000011110000
0011110000001111000000111100000011110000001111000000111100000011110000001111000000111100000011110000
0100000000001111000000111100000011110000001111000000111100000011110000001111000000111100000011110000
0011110000001111000000111100000011110000001111000000111100000011110000001111000000111100000011110000
1100010000001111000000111100000011110000001111000000111100000011110000001111000000111100000011110000
0110100000001111000000111100000011110000001111000000111100000011110000001111000000111100000011110000
0011110000001111000000111100000011110000001111000000111100000011110000001111000000111100000011110000
0100000000001111000000111100000011110000001111000000111100000011110000001111000000111100000011110000
0011110000001111000000111100000011110000001111000000111100000011110000001111000000111100000011110000
1100010000001111000000111100000011110000001111000000111100000011110000001111000000111100000011110000
0110100000001111000000111100000011110000001111000000111100000011110000001111000000111100000011110000
0011110000001111000000111100000011110000001111000000111100000011110000001111000000111100000011110000
0100000000001111000000111100000011110000001111000000111100000011110000001111000000111100000011110000
0011110000001111000000111100000011110000001111000000111100000011110000001111000000111100000011110000
1100010000001111000000111100000011110000001111000000111100000011110000001111000000111100000011110000
0110100000001111000000111100000011110000001111000000111100000011110000001111000000111100000011110000
0011110000001111000000111100000011110000001111000000111100000011110000001111000000111100000011110000
0100000000001111000000111100000011110000001111000000111100000011110000001111000000111100000011110000
0011110000001111000000111100000011110000001111000000111100000011110000001111000000111100000011110000
1100010000001111000000111100000011110000001111000000111100000011110000001111000000111100000011110000
0110100000001111000000111100000011110000001111000000111100000011110000001111000000111100000011110000
0011110000001111000000111100000011110000001111000000111100000011110000001111000000111100000011110000
0100000000001111000000111100000011110000001111000000111100000011110000001111000000111100000011110000
0011110000001111000000111100000011110000001111000000111100000011110000001111000000111100000011110000
1100010000001111000000111100000011110000001111000000111100000011110000001111000000111100000011110000
0110100000001111000000111100000011110000001111000000111100000011110000001111000000111100000011110000
0011110000001111000000111100000011110000001111000000111100000011110000001111000000111100000011110000
0100000000001111000000111100000011110000001111000000111100000011110000001111000000111100000011110000
0011110000001111000000111100000011110000001111000000111100000011110000001111000000111100000011110000
1100010000001111000000111100000011110000001111000000111100000011110000001111000000111100000011110000
0110100000001111000000111100000011110000001111000000111100000011110000001111000000111100000011110000
0011110000001111000000111100000011110000001111000000111100000011110000001111000000111100000011110000
0100000000001111000000111100000011110000001111000000111100000011110000001111000000111100000011110000
0011110000001111000000111100000011110000001111000000111100000011110000001111000000111100000011110000
1100010000001111000000111100000011110000001111000000111100000011110000001111000000111100000011110000
0110100000001111000000111100000011110000001111000000111100000011110000001111000000111100000011110000
0011110000001111000000111100000011110000001111000000111100000011110000001111000000111100000011110000
0100000000001111000000111100000011110000001111000000111100000011110000001111000000111100000011110000
0011110000001111000000111100000011110000001111000000111100000011110000001111000000111100000011110000
1100010000001111000000111100000011110000001111000000111100000011110000001111000000111100000011110000
0110100000001111000000111100000011110000001111000000111100000011110000001111000000111100000011110000
0011110000001111000000111100000011110000001111000000111100000011110000001111000000111100000011110000
0100000000001111000000111100000011110000001111000000111100000011110000001111000000111100000011110000
0011110000001111000000111100000011110000001111000000111100000011110000001111000000111100000011110000
1100010000001111000000111100000011110000001111000000111100000011110000001111000000111100000011110000
0110100000001111000000111100000011110000001111000000111100000011110000001111000000111100000011110000
0011110000001111000000111100000011110000001111000000111100000011110000001111000000111100000011110000
0100000000001111000000111100000011110000001111000000111100000011110000001111000000111100000011110000
0011110000001111000000111100000011110000001111000000111100000011110000001111000000111100000011110000
1100010000001111000000111100000011110000001111000000111100000011110000001111000000111100000011110000
0110100000001111000000111100000011110000001111000000111100000011110000001111000000111100000011110000
0011110000001111000000111100000011110000001111000000111100000011110000001111000000111100000011110000
0100000000001111000000111100000011110000001111000000111100000011110000001111000000111100000011110000
0011110000001111000000111100000011110000001111000000111100000011110000001111000000111100000011110000
1100010000001111000000111100000011110000001111000000111100000011110000001111000000111100000011110000
0110100000001111000000111100000011110000001111000000111100000011110000001111000000111100000011110000
0011110000001111000000111100000011110000001111000000111100000011110000001111000000111100000011110000
0100000000001111000000111100000011110000001111000000111100000011110000001111000000111100000011110000
0011110000001111000000111100000011110000001111000000111100000011110000001111000000111100000011110000
1100010000001111000000111100000011110000001111000000111100000011110000001111000000111100000011110000
0110100000001111000000111100000011110000001111000000111100000011110000001111000000111100000011110000
0011110000001111000000111100000011110000001111000000111100000011110000001111000000111100000011110000
0100000000001111000000111100000011110000001111000000111100000011110000001111000000111100000011110000
0011110000001111000000111100000011110000001111000000111100000011110000001111000000111100000011110000
1100010000001111000000111100000011110000001111000000111100000011110000001111000000111100000011110000
0110100000001111000000111100000011110000001111000000111100000011110000001111000000111100000011110000